6/07/06-03:30	     18	     63	     44	     	     	     
26/07/06-03:40	     17	     64	     42	     	     	     
26/07/06-03:50	     17	     59	     39	     	     	     
26/07/06-04:00	     18	     61	     38	     	     	     
26/07/06-04:10	     18	     62	     43	     	     	     
26/07/06-04:20	     19	     64	     37	     	     	     
26/07/06-04:30	     19	     64	     36	     	     	     
26/07/06-04:40	     18	     62	     26	     	     	     
26/07/06-04:50	     18	     60	     38	     	     	     
26/07/06-05:00	     17	     60	     46	     	     	     
26/07/06-05:10	     15	     70	     40	     	     	     
26/07/06-05:20	     15	     76	     38	     	     	     
26/07/06-05:30	     15	     76	     43	     	     	     
26/07/06-05:40	     14	     77	     47	     	     	     
26/07/06-05:50	     14	     77	     50	     	     	     
26/07/06-06:00	     14	     80	     47	     	     	     
26/07/06-06:10	     14	     85	     38	     	     	     
26/07/06-06:20	     13	     88	     36	     	     	     
26/07/06-06:30	     13	     93	     37	     	     	     
26/07/06-06:40	     13	     91	     38	     	     	     
26/07/06-06:50	     13	     87	     41	     	     	     
26/07/06-07:00	     13	     82	     39	     	     	     
26/07/06-07:10	     13	     80	     40	     	     	     
26/07/06-07:20	     13	     78	     39	     	     	     
26/07/06-07:30	     13	     80	     40	     	     	     
26/07/06-07:40	     13	     82	     46	     	     	     
26/07/06-07:50	     13	     83	     45	     	     	     
26/07/06-08:00	     13	     81	     45	     	     	     
26/07/06-08:10	     13	     78	     43	     	     	     
26/07/06-08:20	     13	     73	     44	     	     	     
26/07/06-08:30	     14	     68	     46	     	     	     
26/07/06-08:40	     14	     63	     48	     	     	     
26/07/06-08:50	     14	     58	     45	     	     	     
26/07/06-09:00	     13	     50	     39	     	     	     
26/07/06-09:10	     13	     37	     33	     	     	     
26/07/06-09:20	     15	     49	     35	     	     	     
26/07/06-09:30	     16	     61	     38	     	     	     
26/07/06-09:40	     19	     70	     38	     	     	     
26/07/06-09:50	     23	     79	     40	     	     	     
26/07/06-10:00	     27	     81	     45	     	     	     
26/07/06-10:10	     32	     77	     46	     	     	     
26/07/06-10:20	     36	     77	     41	     	     	     
26/07/06-10:30	     29	     73	     30	     	     	     
26/07/06-10:40	     24	     60	     28	     	     	     
26/07/06-10:50	     24	     42	     37	     	     	     
26/07/06-11:00	     28	     57	     52	     	     	     
26/07/06-11:10	     35	     85	     61	     	     	     
26/07/06-11:20	     38	    122	     66	     	     	     
26/07/06-11:30	     35	    143	     66	     	     	     
26/07/06-11:40	     37	    145	     62	     	     	     
26/07/06-11:50	     36	    134	     57	     	     	     
26/07/06-12:00	     34	    126	     51	     	     	     
26/07/06-12:10	     27	    119	     41	     	     	     
26/07/06-12:20	     21	    104	     31	     	     	     
26/07/06-12:30	     18	     98	     28	     	     	     
26/07/06-12:40	     16	     90	     27	     	     	     
26/07/06-12:50	     17	     87	     30	     	     	     
26/07/06-13:00	     17	     93	     37	     	     	     
26/07/06-13:10	     16	     94	     27	     	     	     
26/07/06-13:20	     16	     93	     24	     	     	     
26/07/06-13:30	     16	     87	     35	     	     	     
26/07/06-13:40	     18	     83	     53	     	     	     
26/07/06-13:50	     21	     78	     64	     	     	     
26/07/06-14:00	     23	     89	     55	     	     	     
26/07/06-14:10	     23	     97	     51	     	     	     
26/07/06-14:20	     22	     96	     46	     	     	     
26/07/06-14:30	     27	     93	     44	     	     	     
26/07/06-14:40	     25	     83	     61	     	     	     
26/07/06-14:50	     30	     75	     64	     	     	     
26/07/06-15:00	     36	     67	     58	     	     	     
26/07/06-15:10	     41	     64	     67	     	     	     
26/07/06-15:20	     51	     64	     78	     	     	     
26/07/06-15:30	     47	     66	     63	     	     	     
26/07/06-15:40	     44	     75	     56	     	     	     
26/07/06-15:50	     43	     82	     57	     	     	     
26/07/06-16:00	     38	     88	     49	     	     	     
26/07/06-16:10	     34	     94	     51	     	     	     
26/07/06-16:20	     39	     99	     59	     	     	     
26/07/06-16:30	     51	     99	     61	     	     	     
26/07/06-16:40	     56	     97	     63	     	     	     
26/07/06-16:50	     57	     91	     63	     	     	     
26/07/06-17:00	     63	     88	     71	     	     	     
26/07/06-17:10	     62	     82	     63	     	     	     
26/07/06-17:20	     51	     81	     56	     	     	     
26/07/06-17:30	     42	     86	     76	     	     	     
26/07/06-17:40	     42	     89	     64	     	     	     
26/07/06-17:50	     38	     90	     66	     	     	     
26/07/06-18:00	     38	     93	     64	     	     	     
26/07/06-18:10	     34	     98	     68	     	     	     
26/07/06-18:20	     29	    104	     63	     	     	     
26/07/06-18:30	     27	    109	     58	     	     	     
26/07/06-18:40	     33	    117	     73	     	     	     
26/07/06-18:50	     30	    120	     62	     	     	     
26/07/06-19:00	     30	    127	     63	     	     	     
26/07/06-19:10	     30	    133	     69	     	     	     
26/07/06-19:20	     27	    138	     69	     	     	     
26/07/06-19:30	     26	    142	     77	     	     	     
26/07/06-19:40	     25	    143	     68	     	     	     
26/07/06-19:50	     25	    148	     79	     	     	     
26/07/06-20:00	     27	    150	     77	     	     	     
26/07/06-20:10	     24	    150	     69	     	     	     
26/07/06-20:20	     25	    150	     75	     	     	     
26/07/06-20:30	     26	    155	     95	     	     	     
26/07/06-20:40	     26	    160	     85	     	     	     
26/07/06-20:50	     25	    165	     81	     	     	     
26/07/06-21:00	     34	    179	    102	     	     	     
26/07/06-21:10	     28	    180	     84	     	     	     
26/07/06-21:20	     24	    177	     81	     	     	     
26/07/06-21:30	     27	    177	     91	     	     	     
26/07/06-21:40	     24	    178	     83	     	     	     
26/07/06-21:50	     22	    174	     73	     	     	     
26/07/06-22:00	     19	    167	     66	     	     	     
26/07/06-22:10	     19	    162	     83	     	     	     
26/07/06-22:20	     22	    161	     91	     	     	     
26/07/06-22:30	     21	    149	     94	     	     	     
26/07/06-22:40	     20	    136	     92	     	     	     
26/07/06-22:50	     20	    132	     87	     	     	     
26/07/06-23:00	     20	    121	     85	     	     	     
26/07/06-23:10	     20	    120	     83	     	     	     
26/07/06-23:20	     21	    111	     86	     	     	     
26/07/06-23:30	     22	    113	     84	     	     	     
26/07/06-23:40	     21	    107	     79	     	     	     
26/07/06-23:50	     20	    101	     84	     	     	     
27/07/06-00:00	     21	    102	     83	     	     	     
  
Nota:	Los datos, aqui publicados, no han sido sometidos al proceso de validacion.
	Las unidades estan expresadas en microgramos/metrocubico(ug/m3).
  
	
	
Provincia: CADIZ		Estacion: E6: ESTACION DE FFCC S. ROQUE
Municipio: SAN ROQUE		Direccion: SUBESTACIÓN TRANSFORMADORA DE ENDESA
	
FECHA-HORA	    SO2	   PART	    NO2	       	       	       
 
26/07/06-00:10	     27	    107	     80	     	     	     
26/07/06-00:20	     27	    105	     67	     	     	     
26/07/06-00:30	     24	    102	     67	     	     	     
26/07/06-00:40	     23	     96	     69	     	     	     
26/07/06-00:50	     21	     65	     69	     	     	     
26/07/06-01:00	     21	     82	     64	     	     	     
26/07/06-01:10	     20	     72	     61	     	     	     
26/07/06-01:20	     18	     64	     61	     	     	     
26/07/06-01:30	     18	     46	     62	     	     	     
26/07/06-01:40	     18	     59	     59	     	     	     
26/07/06-01:50	     18	     59	     56	     	     	     
26/07/06-02:00	     18	     60	     52	     	     	     
26/07/06-02:10	     17	     43	     45	     	     	     
26/07/06-02:20	     16	     57	     41	     	     	     
26/07/06-02:30	     15	     52	     42	     	     	     
26/07/06-02:40	     14	     47	     40	     	     	     
26/07/06-02:50	     14	     36	     38	     	     	     
26/07/06-03:00	     13	     47	     36	     	     	     
26/07/06-03:10	     13	     53	     36	     	     	     
26/07/06-03:20	     13	     40	     34	     	     	     
26/07/06-03:30	     12	     50	     32	     	     	     
26/07/06-03:40	     12	     42	     34	     	     	     
26/07/06-03:50	     12	     32	     35	     	     	     
26/07/06-04:00	     12	     28	     30	     	     	     
26/07/06-04:10	     12	     32	     29	     	     	     
26/07/06-04:20	     12	     31	     28	     	     	     
26/07/06-04:30	     12	     45	     28	     	     	     
26/07/06-04:40	     12	     53	     29	     	     	     
26/07/06-04:50	     11	     51	     27	     	     	     
26/07/06-05:00	     11	     43	     26	     	     	     
26/07/06-05:10	     11	     50	     26	     	     	     
26/07/06-05:20	     11	     46	     26	     	     	     
26/07/06-05:30	     11	     32	     23	     	     	     
26/07/06-05:40	     11	     41	     22	     	     	     
26/07/06-05:50	     11	     29	     23	     	     	     
26/07/06-06:00	     11	     32	     21	     	     	     
26/07/06-06:10	     11	     34	     22	     	     	     
26/07/06-06:20	     10	     27	     23	     	     	     
26/07/06-06:30	     10	     39	     22	     	     	     
26/07/06-06:40	     10	     49	     20	     	     	     
26/07/06-06:50	     10	     45	     19	     	     	     
26/07/06-07:00	     10	     66	     23	     	     	     
26/07/06-07:10	     11	     74	     24	     	     	     
26/07/06-07:20	     11	     70	     28	     	     	     
26/07/06-07:30	     14	     62	     41	     	     	     
26/07/06-07:40	     11	     56	     27	     	     	     
26/07/06-07:50	     11	     53	     25	     	     	     
26/07/06-08:00	     11	     57	     27	     	     	     
26/07/06-08:10	     11	     47	     32	     	     	     
26/07/06-08:20	     11	     62	     31	     	     	     
26/07/06-08:30	     12	     65	     30	     	     	     
26/07/06-08:40	     11	     66	     27	     	     	     
26/07/06-08:50	     11	     64	     31	     	     	     
26/07/06-09:00	     12	     54	     38	     	     	     
26/07/06-09:10	     11	     39	     34	     	     	     
26/07/06-09:20	     12	     51	     32	     	     	     
26/07/06-09:30	     12	     48	     31	     	     	     
26/07/06-09:40	     13	     45	     33	     	     	     
26/07/06-09:50	     12	     44	     34	     	     	     
26/07/06-10:00	     12	     39	     33	     	     	     
26/07/06-10:10	     12	     37	     31	     	     	     
26/07/06-10:20	     12	     45	     20	     	     	     
26/07/06-10:30	     13	     35	     12	     	     	     
26/07/06-10:40	     13	     45	     14	     	     	     
26/07/06-10:50	     13	     39	     12	     	     	     
26/07/06-11:00	     13	     35	     19	     	     	     
26/07/06-11:10	     13	     27	     20	     	     	     
26/07/06-11:20	     14	     27	     19	     	     	     
26/07/06-11:30	     13	     42	     19	     	     	     
26/07/06-11:40	     14	     60	     42	     	     	     
26/07/06-11:50	     19	     54	     74	     	     	     
26/07/06-12:00	     30	     80	     80	     	     	     
26/07/06-12:10	     45	     93	     62	     	     	     
26/07/06-12:20	     41	     98	     41	     	     	     
26/07/06-12:30	     39	     72	     53	     	     	     
26/07/06-12:40	     53	     97	     55	     	     	     
26/07/06-12:50	     65	     93	     76	     	     	     
26/07/06-13:00	     92	     66	     73	     	     	     
26/07/06-13:10	     74	     88	     44	     	     	     
26/07/06-13:20	     46	     82	     32	     	     	     
26/07/06-13:30	     39	     79	     28	     	     	     
26/07/06-13:40	     33	     52	     24	     	     	     
26/07/06-13:50	     30	     67	     28	     	     	     
26/07/06-14:00	     27	     60	     22	     	     	     
26/07/06-14:10	     29	     41	     30	     	     	     
26/07/06-14:20	     38	     57	     31	     	     	     
26/07/06-14:30	     32	     67	     48	     	     	     
26/07/06-14:40	     37	     84	     56	     	     	     
26/07/06-14:50	     34	    104	     62	     	     	     
26/07/06-15:00	     39	    123	     70	     	     	     
26/07/06-15:10	     42	    101	     68	     	     	     
26/07/06-15:20	     46	    140	     71	     	     	     
26/07/06-15:30	     51	    147	     84	     	     	     
26/07/06-15:40	     47	    148	     75	     	     	     
26/07/06-15:50	     41	    162	     69	     	     	     
26/07/06-16:00	     39	    178	     67	     	     	     
26/07/06-16:10	     37	    185	     81	     	     	     
26/07/06-16:20	     40	    187	    108	     	     	     
26/07/06-16:30	     51	    174	     90	     	     	     
26/07/06-16:40	     66	    111	     73	     	     	     
26/07/06-16:50	     72	    138	     62	     	     	     
26/07/06-17:00	     74	    122	     61	     	     	     
26/07/06-17:10	     60	    107	     56	     	     	     
26/07/06-17:20	     47	     84	     47	     	     	     
26/07/06-17:30	     37	     70	     49	     	     	     
26/07/06-17:40	     39	     79	     69	     	     	     
26/07/06-17:50	     49	     72	     78	     	     	     
26/07/06-18:00	     51	     81	     74	     	     	     
26/07/06-18:10	     52	     97	     68	     	     	     
26/07/06-18:20	     59	    119	     60	     	     	     
26/07/06-18:30	     50	    134	     60	     	     	     
26/07/06-18:40	     40	    106	     64	     	     	     
26/07/06-18:50	     35	    134	     63	     	     	     
26/07/06-19:00	     30	    140	     67	     	     	     
26/07/06-19:10	     31	    148	     71	     	     	     
26/07/06-19:20	     39	    143	     67	     	     	     
26/07/06-19:30	     42	    136	     86	     	     	     
26/07/06-19:40	     39	    127	     82	     	     	     
26/07/06-19:50	     40	    125	     83	     	     	     
26/07/06-20:00	     44	    138	     92	     	     	     
26/07/06-20:10	     43	    162	     80	     	     	     
26/07/06-20:20	     37	    185	     75	     	     	     
26/07/06-20:30	     26	    152	     79	     	     	     
26/07/06-20:40	     25	    211	     82	     	     	     
26/07/06-20:50	     25	    217	     84	     	     	     
26/07/06-21:00	     25	    214	     94	     	     	     
26/07/06-21:10	     24	    161	     84	     	     	     
26/07/06-21:20	     22	    195	     75	     	     	     
26/07/06-21:30	     21	    198	     99	     	     	     
26/07/06-21:40	     17	    204	     79	     	     	     
26/07/06-21:50	     15	    155	     59	     	     	     
26/07/06-22:00	     14	    216	     64	     	     	     
26/07/06-22:10	     14	    212	     80	     	     	     
26/07/06-22:20	     14	    142	    102	     	     	     
26/07/06-22:30	     13	    185	    105	     	     	     
26/07/06-22:40	     13	    161	    100	     	     	     
26/07/06-22:50	     13	    146	     99	     	     	     
26/07/06-23:00	     13	    100	     90	     	     	     
26/07/06-23:10	     13	    131	     80	     	     	     
26/07/06-23:20	     14	    117	     79	     	     	     
26/07/06-23:30	     14	     98	     81	     	     	     
26/07/06-23:40	     16	     68	     69	     	     	     
26/07/06-23:50	     17	     47	     53	     	     	     
27/07/06-00:00	     18	     40	     45	     	     	     
  
Nota:	Los datos, aqui publicados, no han sido sometidos al proceso de validacion.
	Las unidades estan expresadas en microgramos/metrocubico(ug/m3).
  
	
	
Provincia: CADIZ		Estacion: E3: COLEGIO CARTEYA
Municipio: SAN ROQUE		Direccion: COLEGIO PÚBLICO CARTEYA
	
FECHA-HORA	    SO2	   PART	    NO2	       	     O3	       
 
26/07/06-00:10	     17	     88	     89	     	     13	     
26/07/06-00:20	     18	     89	     81	     	     13	     
26/07/06-00:30	     19	     85	     84	     	     14	     
26/07/06-00:40	     18	     77	     86	     	     14	     
26/07/06-00:50	     16	     77	     88	     	     13	     
26/07/06-01:00	     17	     86	     86	     	     13	     
26/07/06-01:10	     14	     96	     77	     	     15	     
26/07/06-01:20	     13	    103	     70	     	     16	     
26/07/06-01:30	     14	    101	     73	     	     13	     
26/07/06-01:40	     14	     95	     67	     	     12	     
26/07/06-01:50	     14	     87	     71	     	     13	     
26/07/06-02:00	     13	     77	     50	     	     23	     
26/07/06-02:10	     11	     76	     49	     	     23	     
26/07/06-02:20	     11	     82	     46	     	     25	     
26/07/06-02:30	     10	     84	     47	     	     24	     
26/07/06-02:40	     10	     85	     44	     	     24	     
26/07/06-02:50	     11	     81	     38	     	     29	     
26/07/06-03:00	     10	     76	     32	     	     31	     
26/07/06-03:10	     10	     78	     33	     	     29	     
26/07/06-03:20	     10	     74	     31	     	     28	     
26/07/06-03:30	     10	     69	     30	     	     28	     
26/07/06-03:40	     10	     62	     30	     	     29	     
26/07/06-03:50	      9	     51	     27	     	     33	     
26/07/06-04:00	      9	     49	     25	     	     33	     
26/07/06-04:10	     10	     54	     24	     	     34	     
26/07/06-04:20	      9	     54	     24	     	     36	     
26/07/06-04:30	      9	     52	     24	     	     36	     
26/07/06-04:40	     10	     51	     24	     	     37	     
26/07/06-04:50	      9	     48	     22	     	     37	     
26/07/06-05:00	      9	     43	     20	     	     40	     
26/07/06-05:10	     10	     37	     20	     	     41	     
26/07/06-05:20	     10	     33	     31	     	     22	     
26/07/06-05:30	      9	     30	     23	     	     38	     
26/07/06-05:40	     10	     33	     21	     	     34	     
26/07/06-05:50	     10	     36	     33	     	     22	     
26/07/06-06:00	     10	     39	     36	     	     13	     
26/07/06-06:10	     11	     49	     34	     	     20	     
26/07/06-06:20	      9	     61	     20	     	     31	     
26/07/06-06:30	      9	     69	     20	     	     36	     
26/07/06-06:40	      8	     69	     18	     	     42	     
26/07/06-06:50	      9	     62	     19	     	     36	     
26/07/06-07:00	      9	     46	     22	     	     31	     
26/07/06-07:10	      9	     36	     28	     	     34	     
26/07/06-07:20	      9	     31	     20	     	     41	     
26/07/06-07:30	     11	     34	     40	     	     30	     
26/07/06-07:40	     18	     38	     85	     	     15	     
26/07/06-07:50	     17	     48	     73	     	     14	     
26/07/06-08:00	     17	     54	     81	     	     13	     
26/07/06-08:10	     25	     76	     99	     	     15	     
26/07/06-08:20	     21	    106	     80	     	     14	     
26/07/06-08:30	     11	    132	     47	     	     15	     
26/07/06-08:40	     14	    142	     67	     	     14	     
26/07/06-08:50	     11	    145	     52	     	     16	     
26/07/06-09:00	     10	    139	     40	     	     24	     
26/07/06-09:10	     10	    130	     45	     	     22	     
26/07/06-09:20	     11	    113	     49	     	     22	     
26/07/06-09:30	     11	    106	     41	     	     25	     
26/07/06-09:40	     10	    105	     33	     	     29	     
26/07/06-09:50	     10	    101	     35	     	     31	     
26/07/06-10:00	     10	    100	     40	     	     34	     
26/07/06-10:10	     10	    116	     35	     	     41	     
26/07/06-10:20	     10	    106	     27	     	     51	     
26/07/06-10:30	      9	     96	     22	     	     59	     
26/07/06-10:40	     10	     92	     19	     	     70	     
26/07/06-10:50	     10	     70	     23	     	     63	     
26/07/06-11:00	     11	     46	     34	     	     55	     
26/07/06-11:10	     11	     36	     44	     	     48	     
26/07/06-11:20	     11	     23	     49	     	     44	     
26/07/06-11:30	     12	     21	     48	     	     47	     
26/07/06-11:40	     11	     43	     37	     	     59	     
26/07/06-11:50	     12	     53	     33	     	     68	     
26/07/06-12:00	     14	     44	     31	     	     73	     
26/07/06-12:10	     17	     23	     27	     	     82	     
26/07/06-12:20	     17	      5	     26	     	     84	     
26/07/06-12:30	     15	      5	     20	     	     93	     
26/07/06-12:40	     14	      5	     16	     	     95	     
26/07/06-12:50	     13	      5	     14	     	     94	     
26/07/06-13:00	     12	      5	     18	     	     92	     
26/07/06-13:10	     12	      6	     27	     	     92	     
26/07/06-13:20	     12	     19	     25	     	     93	     
26/07/06-13:30	     12	     26	     22	     	    104	     
26/07/06-13:40	     12	     37	     21	     	     97	     
26/07/06-13:50	     12	     39	     24	     	     98	     
26/07/06-14:00	     12	     38	     20	     	    102	     
26/07/06-14:10	     11	     40	     20	     	    104	     
26/07/06-14:20	     11	     42	     20	     	    101	     
26/07/06-14:30	     11	     41	     22	     	     99	     
26/07/06-14:40	     11	     43	     21	     	     99	     
26/07/06-14:50	     11	     51	     24	     	     97	     
26/07/06-15:00	     10	     55	     25	     	     97	     
26/07/06-15:10	     10	     59	     28	     	     91	     
26/07/06-15:20	     12	     58	     28	     	     89	     
26/07/06-15:30	     10	     60	     35	     	     81	     
26/07/06-15:40	     11	     63	     39	     	     72	     
26/07/06-15:50	     11	     72	     47	     	     67	     
26/07/06-16:00	     10	     77	     41	     	     69	     
26/07/06-16:10	     10	     79	     37	     	     73	     
26/07/06-16:20	     12	     76	     38	     	     78	     
26/07/06-16:30	     14	     62	     31	     	     85	     
26/07/06-16:40	     15	     48	     41	     	     84	     
26/07/06-16:50	     19	     39	     26	     	     98	     
26/07/06-17:00	     22	     29	     31	     	    100	     
26/07/06-17:10	     28	     27	    131	     	     	     
26/07/06-17:20	     43	     	    171	     	     	     
26/07/06-17:30	     31	     	     39	     	     15	     
26/07/06-17:40	     31	     	     30	     	     42	     
26/07/06-17:50	     29	     	     25	     	     63	     
26/07/06-18:00	     25	     	     24	     	     75	     
26/07/06-18:10	     23	     	     22	     	     83	     
26/07/06-18:20	     21	     53	     22	     	     87	     
26/07/06-18:30	     18	      5	     20	     	     92	     
26/07/06-18:40	     17	      5	     20	     	     94	     
26/07/06-18:50	     16	      5	     21	     	     95	     
26/07/06-19:00	     15	      7	     24	     	     96	     
26/07/06-19:10	     14	     14	     28	     	     88	     
26/07/06-19:20	     15	     29	     39	     	     76	     
26/07/06-19:30	     14	     44	     42	     	     67	     
26/07/06-19:40	     13	     63	     50	     	     59	     
26/07/06-19:50	     12	     83	     52	     	     56	     
26/07/06-20:00	     13	     97	     58	     	     49	     
26/07/06-20:10	     13	     97	     66	     	     43	     
26/07/06-20:20	     14	     95	     72	     	     37	     
26/07/06-20:30	     15	     88	     74	     	     42	     
26/07/06-20:40	     16	     78	     54	     	     52	     
26/07/06-20:50	     15	     77	     69	     	     28	     
26/07/06-21:00	     14	     93	     79	     	     29	     
26/07/06-21:10	     13	    105	     66	     	     45	     
26/07/06-21:20	     12	    108	     52	     	     46	     
26/07/06-21:30	     11	    109	     69	     	     31	     
26/07/06-21:40	     11	    105	     69	     	     33	     
26/07/06-21:50	     12	    107	     59	     	     41	     
26/07/06-22:00	     10	    119	     50	     	     43	     
26/07/06-22:10	     10	    126	     55	     	     36	     
26/07/06-22:20	     10	    120	     75	     	     20	     
26/07/06-22:30	     10	    112	     81	     	     20	     
26/07/06-22:40	     10	    107	     79	     	     20	     
26/07/06-22:50	     10	    100	     82	     	     16	     
26/07/06-23:00	     10	    107	     84	     	     19	     
26/07/06-23:10	     10	    116	     66	     	     23	     
26/07/06-23:20	     11	    121	     84	     	     14	     
26/07/06-23:30	     11	    119	     79	     	     16	     
26/07/06-23:40	      9	    104	     68	     	     19	     
26/07/06-23:50	     10	     78	     65	     	     21	     
27/07/06-00:00	     10	     54	     66	     	     24	     
  
Nota:	Los datos, aqui publicados, no han sido sometidos al proceso de validacion.
	Las unidades estan expresadas en microgramos/metrocubico(ug/m3).
  
	
	
Provincia: CADIZ		Estacion: Avda. MARCONI
Municipio: CADIZ		Direccion: PROLONGACIÓN C/RAMÓN FRANCO
	
FECHA-HORA	    SO2	   PART	    NO2	     CO	     O3	       
 
26/07/06-00:10	      8	     58	     34	    538	     78	     
26/07/06-00:20	      8	     58	     33	    560	     64	     
26/07/06-00:30	      9	     57	     48	    550	     52	     
26/07/06-00:40	      8	     53	     42	    498	     60	     
26/07/06-00:50	     11	     54	     62	    633	     35	     
26/07/06-01:00	     46	     48	     59	    725	     43	     
26/07/06-01:10	     14	     48	     51	    581	     49	     
26/07/06-01:20	     16	     47	     64	    603	     39	     
26/07/06-01:30	     18	     43	     66	    642	     32	     
26/07/06-01:40	     13	     38	     68	    651	     22	     
26/07/06-01:50	     11	     40	     57	    698	     42	     
26/07/06-02:00	      6	     45	     24	    507	     58	     
26/07/06-02:10	      6	     58	     22	    565	     74	     
26/07/06-02:20	      6	     67	     22	    543	     64	     
26/07/06-02:30	      6	     68	     18	    519	     76	     
26/07/06-02:40	      6	     66	     33	    534	     53	     
26/07/06-02:50	      7	     58	     36	    512	     61	     
26/07/06-03:00	      7	     50	     36	    572	     52	     
26/07/06-03:10	      7	     46	     33	    541	     59	     
26/07/06-03:20	      8	     37	     32	    475	     57	     
26/07/06-03:30	      8	     29	     34	    468	     51	     
26/07/06-03:40	      6	     32	     24	    476	     67	     
26/07/06-03:50	      6	     34	     20	    471	     54	     
26/07/06-04:00	      6	     46	     19	    486	     59	     
26/07/06-04:10	      6	     69	     25	    486	     39	     
26/07/06-04:20	      6	     81	     23	    474	     60	     
26/07/06-04:30	      5	     83	     25	    492	     42	     
26/07/06-04:40	      6	     80	     30	    503	     52	     
26/07/06-04:50	      6	     65	     36	    523	     23	     
26/07/06-05:00	      6	     50	     29	    495	     45	     
26/07/06-05:10	      6	     59	     25	    516	     31	     
26/07/06-05:20	      6	     68	     21	    482	     58	     
26/07/06-05:30	      6	     77	     21	    489	     34	     
26/07/06-05:40	      9	     87	     20	    520	     66	     
26/07/06-05:50	      6	     79	     18	    477	     48	     
26/07/06-06:00	      6	     55	     21	    460	     62	     
26/07/06-06:10	      6	     32	     25	    513	     51	     
26/07/06-06:20	      6	     10	     25	    477	     57	     
26/07/06-06:30	      8	     	     55	    545	     32	     
26/07/06-06:40	      7	     	     60	    512	     22	     
26/07/06-06:50	      7	     16	     62	    551	     25	     
26/07/06-07:00	      7	     19	     70	    575	     10	     
26/07/06-07:10	     11	     26	     60	    684	     15	     
26/07/06-07:20	     10	     32	     54	    738	     21	     
26/07/06-07:30	     12	     47	     44	    633	     47	     
26/07/06-07:40	      9	     64	     42	    590	     40	     
26/07/06-07:50	     12	     87	     51	    600	     35	     
26/07/06-08:00	      7	     94	     42	    512	     35	     
26/07/06-08:10	      8	     97	     36	    589	     52	     
26/07/06-08:20	     11	     92	     54	    744	     31	     
26/07/06-08:30	      9	     94	     39	    551	     54	     
26/07/06-08:40	      7	     91	     42	    519	     26	     
26/07/06-08:50	      6	     64	     40	    472	     49	     
26/07/06-09:00	      8	     24	     43	    496	     18	     
26/07/06-09:10	      8	      1	     49	    514	     39	     
26/07/06-09:20	      8	      0	     48	    489	     19	     
26/07/06-09:30	      9	      0	     53	    508	     25	     
26/07/06-09:40	      8	      7	     51	    517	     23	     
26/07/06-09:50	     10	     23	     62	    465	     15	     
26/07/06-10:00	     11	     20	     62	    514	     30	     
26/07/06-10:10	     11	     16	     65	    527	     18	     
26/07/06-10:20	      9	     11	     60	    488	     17	     
26/07/06-10:30	     10	     15	     57	    512	     31	     
26/07/06-10:40	     11	     26	     63	    494	     19	     
26/07/06-10:50	     11	     43	     57	    487	     17	     
26/07/06-11:00	     11	     54	     50	    537	     35	     
26/07/06-11:10	     11	     52	     44	    503	     34	     
26/07/06-11:20	     12	     50	     46	    534	     29	     
26/07/06-11:30	     10	     43	     44	    536	     41	     
26/07/06-11:40	     11	     39	     39	    531	     54	     
26/07/06-11:50	     11	     39	     40	    544	     43	     
26/07/06-12:00	     12	     36	     58	    544	     34	     
26/07/06-12:10	     11	     41	     40	    535	     49	     
26/07/06-12:20	     10	     56	     50	    523	     49	     
26/07/06-12:30	     12	     66	     35	    509	     42	     
26/07/06-12:40	     10	     67	     34	    557	     47	     
26/07/06-12:50	     11	     70	     41	    498	     54	     
26/07/06-13:00	      9	     59	     41	    485	     49	     
26/07/06-13:10	     14	     49	     40	    515	     43	     
26/07/06-13:20	     23	     40	     38	    470	     48	     
26/07/06-13:30	     10	     38	     33	    443	     64	     
26/07/06-13:40	     10	     43	     38	    471	     57	     
26/07/06-13:50	      9	     53	     32	    454	     54	     
26/07/06-14:00	      9	     67	     30	    451	     47	     
26/07/06-14:10	      9	     89	     33	    480	     48	     
26/07/06-14:20	     10	    116	     31	    561	     52	     
26/07/06-14:30	     10	    127	     33	    553	     43	     
26/07/06-14:40	      9	    129	     35	    546	     45	     
26/07/06-14:50	     10	    112	     35	    534	     44	     
26/07/06-15:00	      9	     77	     36	    513	     42	     
26/07/06-15:10	      9	     44	     32	    494	     45	     
26/07/06-15:20	      9	     33	     29	    494	     48	     
26/07/06-15:30	      8	     33	     29	    516	     48	     
26/07/06-15:40	      9	     32	     28	    555	     42	     
26/07/06-15:50	     10	     24	     39	    601	     39	     
26/07/06-16:00	      9	     17	     39	    547	     31	     
26/07/06-16:10	      8	      0	     25	    486	     41	     
26/07/06-16:20	     12	      0	     24	    495	     46	     
26/07/06-16:30	     10	      0	     31	    570	     51	     
26/07/06-16:40	      7	     14	     24	    460	     89	     
26/07/06-16:50	      7	     46	     26	    471	     91	     
26/07/06-17:00	      9	     64	     23	    534	     82	     
26/07/06-17:10	      8	     51	     26	    566	     86	     
26/07/06-17:20	      7	     15	     19	    493	     90	     
26/07/06-17:30	     12	      0	     31	    533	     84	     
26/07/06-17:40	      7	      0	     15	    461	     93	     
26/07/06-17:50	      7	      0	     18	    505	     95	     
26/07/06-18:00	      7	      3	     17	    462	    100	     
26/07/06-18:10	      8	     32	     27	    474	     94	     
26/07/06-18:20	      7	     52	     19	    490	     96	     
26/07/06-18:30	      8	     57	     34	    531	     89	     
26/07/06-18:40	      8	     51	     38	    540	     87	     
26/07/06-18:50	     10	     32	     48	    661	     75	     
26/07/06-19:00	      9	     23	     25	    479	     94	     
26/07/06-19:10	      8	     43	     23	    515	     89	     
26/07/06-19:20	      9	     58	     20	    541	     95	     
26/07/06-19:30	      8	     69	     26	    556	     89	     
26/07/06-19:40	      7	     79	     27	    521	     86	     
26/07/06-19:50	     11	     64	     30	    586	     81	     
26/07/06-20:00	      8	     44	     22	    513	     89	     
26/07/06-20:10	      9	     50	     30	    585	     87	     
26/07/06-20:20	     11	     78	     20	    551	     95	     
26/07/06-20:30	      8	    119	     23	    560	     89	     
26/07/06-20:40	      9	    153	     24	    592	     77	     
26/07/06-20:50	      9	    151	     34	    600	     85	     
26/07/06-21:00	     13	    128	     36	    664	     84	     
26/07/06-21:10	     11	     92	     24	    643	     94	     
26/07/06-21:20	     10	     61	     42	    625	     68	     
26/07/06-21:30	     13	     48	     37	    727	     82	     
26/07/06-21:40	     13	     37	     42	    662	     86	     
26/07/06-21:50	     16	     24	     41	    660	     83	     
26/07/06-22:00	      8	     19	     26	    582	     82	     
26/07/06-22:10	     12	     17	     38	    615	     89	     
26/07/06-22:20	     15	     16	     49	    669	     75	     
26/07/06-22:30	     10	     23	     42	    630	     67	     
26/07/06-22:40	      7	     22	     36	    584	     85	     
26/07/06-22:50	      9	     24	     29	    592	     81	     
26/07/06-23:00	      7	     33	     30	    588	     77	     
26/07/06-23:10	      7	     45	     28	    574	     88	     
26/07/06-23:20	      7	     47	     29	    608	     75	     
26/07/06-23:30	      7	     51	     21	    525	     90	     
26/07/06-23:40	      8	     50	     21	    513	    100	     
26/07/06-23:50	      7	     44	     19	    508	     77	     
27/07/06-00:00	      6	     31	     14	    462	     96	     
  
Nota:	Los datos, aqui publicados, no han sido sometidos al proceso de validacion.
	Las unidades estan expresadas en microgramos/metrocubico(ug/m3).
  
	
	
Provincia: CADIZ		Estacion: RÍO SAN PEDRO
Municipio: PUERTO REAL		Direccion: AVDA. FERMÍN SALVOCHEA S/N
	
FECHA-HORA	    SO2	   PART	    NO2	       	     O3	       
 
26/07/06-00:10	      5	     33	     31	     	     61	     
26/07/06-00:20	      5	     29	     47	     	     40	     
26/07/06-00:30	      5	     26	     35	     	     56	     
26/07/06-00:40	      5	     26	     69	     	     25	     
26/07/06-00:50	      5	     24	     25	     	     70	     
26/07/06-01:00	      5	     24	     23	     	     70	     
26/07/06-01:10	      5	     23	     65	     	     26	     
26/07/06-01:20	      6	     21	     78	     	      8	     
26/07/06-01:30	      5	     19	     66	     	     16	     
26/07/06-01:40	      5	     19	     70	     	     11	     
26/07/06-01:50	      6	     21	     58	     	     21	     
26/07/06-02:00	      6	     23	     48	     	     30	     
26/07/06-02:10	      5	     25	     58	     	     18	     
26/07/06-02:20	      5	     26	     67	     	      4	     
26/07/06-02:30	      5	     27	     38	     	     30	     
26/07/06-02:40	      5	     29	     34	     	     23	     
26/07/06-02:50	      5	     31	     29	     	     29	     
26/07/06-03:00	      5	     29	     25	     	     34	     
26/07/06-03:10	      5	     32	     24	     	     37	     
26/07/06-03:20	      4	     37	     25	     	     37	     
26/07/06-03:30	      4	     38	     24	     	     35	     
26/07/06-03:40	      5	     38	     18	     	     44	     
26/07/06-03:50	      4	     36	     19	     	     43	     
26/07/06-04:00	      6	     31	     24	     	     34	     
26/07/06-04:10	      5	     26	     24	     	     28	     
26/07/06-04:20	      5	     21	     19	     	     36	     
26/07/06-04:30	      4	     20	     20	     	     42	     
26/07/06-04:40	      5	     21	     26	     	     37	     
26/07/06-04:50	      5	     23	     27	     	     37	     
26/07/06-05:00	      5	     22	     34	     	     24	     
26/07/06-05:10	      4	     23	     16	     	     43	     
26/07/06-05:20	      4	     22	     20	     	     43	     
26/07/06-05:30	      5	     19	     24	     	     35	     
26/07/06-05:40	      5	     16	     19	     	     39	     
26/07/06-05:50	      6	     14	     19	     	     38	     
26/07/06-06:00	      4	     15	     23	     	     34	     
26/07/06-06:10	      6	     17	     32	     	     24	     
26/07/06-06:20	      5	     17	     34	     	     17	     
26/07/06-06:30	      4	     17	     35	     	     19	     
26/07/06-06:40	      5	     19	     42	     	      9	     
26/07/06-06:50	      6	     21	     50	     	      4	     
26/07/06-07:00	      5	     22	     59	     	      5	     
26/07/06-07:10	      5	     23	     50	     	     15	     
26/07/06-07:20	      6	     22	     54	     	     11	     
26/07/06-07:30	      5	     22	     55	     	      9	     
26/07/06-07:40	      5	     24	     40	     	     27	     
26/07/06-07:50	      5	     25	     36	     	     32	     
26/07/06-08:00	      5	     23	     35	     	     32	     
26/07/06-08:10	      4	     23	     31	     	     35	     
26/07/06-08:20	      5	     24	     30	     	     40	     
26/07/06-08:30	      5	     26	     34	     	     34	     
26/07/06-08:40	      5	     26	     30	     	     34	     
26/07/06-08:50	      5	     24	     32	     	     32	     
26/07/06-09:00	      4	     24	     30	     	     28	     
26/07/06-09:10	      5	     26	     35	     	     26	     
26/07/06-09:20	      5	     28	     40	     	     23	     
26/07/06-09:30	      5	     28	     40	     	     24	     
26/07/06-09:40	      5	     28	     44	     	     22	     
26/07/06-09:50	      5	     27	     47	     	     22	     
26/07/06-10:00	      6	     24	     50	     	     19	     
26/07/06-10:10	      7	     22	     50	     	     21	     
26/07/06-10:20	      7	     20	     48	     	     25	     
26/07/06-10:30	      6	     20	     52	     	     19	     
26/07/06-10:40	      8	     21	     55	     	     16	     
26/07/06-10:50	      7	     21	     51	     	     22	     
26/07/06-11:00	      8	     23	     46	     	     29	     
26/07/06-11:10	      8	     24	     46	     	     32	     
26/07/06-11:20	      8	     26	     41	     	     36	     
26/07/06-11:30	      9	     25	     41	     	     43	     
26/07/06-11:40	      8	     27	     36	     	     51	     
26/07/06-11:50	      8	     28	     38	     	     43	     
26/07/06-12:00	      8	     31	     44	     	     38	     
26/07/06-12:10	      7	     34	     43	     	     40	     
26/07/06-12:20	      8	     33	     37	     	     46	     
26/07/06-12:30	      7	     33	     38	     	     45	     
26/07/06-12:40	      7	     31	     38	     	     42	     
26/07/06-12:50	      7	     33	     37	     	     40	     
26/07/06-13:00	      7	     34	     40	     	     39	     
26/07/06-13:10	      6	     36	     38	     	     42	     
26/07/06-13:20	      8	     40	     35	     	     51	     
26/07/06-13:30	      9	     45	     33	     	     58	     
26/07/06-13:40	     10	     50	     32	     	     59	     
26/07/06-13:50	      9	     48	     37	     	     58	     
26/07/06-14:00	      8	     44	     37	     	     57	     
26/07/06-14:10	      9	     36	     35	     	     57	     
26/07/06-14:20	     10	     34	     28	     	     72	     
26/07/06-14:30	      9	     29	     23	     	     75	     
26/07/06-14:40	      9	     24	     29	     	     68	     
26/07/06-14:50	     10	     22	     32	     	     61	     
26/07/06-15:00	      9	     23	     31	     	     52	     
26/07/06-15:10	     10	     28	     28	     	     58	     
26/07/06-15:20	     11	     27	     25	     	     62	     
26/07/06-15:30	     11	     23	     24	     	     63	     
26/07/06-15:40	     10	     20	     21	     	     61	     
26/07/06-15:50	     10	     19	     20	     	     54	     
26/07/06-16:00	      9	     18	     21	     	     46	     
26/07/06-16:10	      9	     16	     19	     	     52	     
26/07/06-16:20	     10	     16	     15	     	     64	     
26/07/06-16:30	      9	     19	     13	     	     70	     
26/07/06-16:40	      8	     21	     12	     	     89	     
26/07/06-16:50	      8	     23	     11	     	     96	     
26/07/06-17:00	      8	     25	     12	     	     95	     
26/07/06-17:10	      8	     27	     16	     	     95	     
26/07/06-17:20	      7	     30	     13	     	     98	     
26/07/06-17:30	      7	     33	     12	     	    100	     
26/07/06-17:40	      8	     36	     13	     	     98	     
26/07/06-17:50	      7	     40	     12	     	    100	     
26/07/06-18:00	      7	     45	     13	     	    102	     
26/07/06-18:10	      7	     48	     13	     	    102	     
26/07/06-18:20	      6	     53	     15	     	     99	     
26/07/06-18:30	      7	     56	     15	     	     99	     
26/07/06-18:40	      7	     53	     18	     	     96	     
26/07/06-18:50	      6	     50	     21	     	     94	     
26/07/06-19:00	      6	     52	     21	     	     92	     
26/07/06-19:10	      7	     52	     15	     	     96	     
26/07/06-19:20	      7	     50	     15	     	     94	     
26/07/06-19:30	      7	     50	     14	     	     94	     
26/07/06-19:40	      7	     47	     15	     	     92	     
26/07/06-19:50	      6	     45	     14	     	     94	     
26/07/06-20:00	      5	     45	     12	     	     96	     
26/07/06-20:10	      5	     42	     17	     	     91	     
26/07/06-20:20	      6	     35	     20	     	     84	     
26/07/06-20:30	      6	     33	     20	     	     82	     
26/07/06-20:40	      7	     32	     33	     	     70	     
26/07/06-20:50	      6	     32	     25	     	     80	     
26/07/06-21:00	      5	     36	     21	     	     87	     
26/07/06-21:10	      6	     47	     20	     	     88	     
26/07/06-21:20	      5	     61	     17	     	     89	     
26/07/06-21:30	      5	     75	     16	     	     91	     
26/07/06-21:40	      6	     87	     15	     	     94	     
26/07/06-21:50	      5	     92	     14	     	     97	     
26/07/06-22:00	      6	     93	     16	     	     96	     
26/07/06-22:10	      6	     91	     13	     	     99	     
26/07/06-22:20	      6	     84	     13	     	    101	     
26/07/06-22:30	      5	     73	     15	     	     95	     
26/07/06-22:40	      5	     65	     10	     	    101	     
26/07/06-22:50	      5	     59	     13	     	     96	     
26/07/06-23:00	      5	     53	     14	     	     93	     
26/07/06-23:10	      5	     46	     15	     	     90	     
26/07/06-23:20	      6	     37	     26	     	     80	     
26/07/06-23:30	      5	     29	     26	     	     75	     
26/07/06-23:40	      5	     27	     27	     	     76	     
26/07/06-23:50	      5	     25	     32	     	     71	     
27/07/06-00:00	      4	     26	     40	     	     62	     
  
Nota:	Los datos, aqui publicados, no han sido sometidos al proceso de validacion.
	Las unidades estan expresadas en microgramos/metrocubico(ug/m3).
  
	
	
Provincia: CADIZ		Estacion: SAN FERNANDO
Municipio: SAN FERNANDO		Direccion: PARQUE SACRAMENTO
	
FECHA-HORA	    SO2	   PART	    NO2	     CO	     O3	       
 
26/07/06-00:10	      7	     14	     29	    914	     85	     
26/07/06-00:20	      7	     16	     27	    731	     88	     
26/07/06-00:30	      6	     20	     28	    729	     83	     
26/07/06-00:40	      7	     22	     30	    811	     77	     
26/07/06-00:50	      7	     21	     34	    803	     78	     
26/07/06-01:00	      7	     24	     46	    803	     71	     
26/07/06-01:10	      7	     24	     44	   1146	     59	     
26/07/06-01:20	      7	     20	     32	    833	     72	     
26/07/06-01:30	      7	     13	     39	   1006	     54	     
26/07/06-01:40	      5	      5	     36	    772	     43	     
26/07/06-01:50	      6	      0	     35	    896	     44	     
26/07/06-02:00	      6	      5	     29	    802	     48	     
26/07/06-02:10	      6	     11	     29	    788	     48	     
26/07/06-02:20	      6	     15	     31	    732	     44	     
26/07/06-02:30	      6	     23	     26	    680	     49	     
26/07/06-02:40	      6	     26	     26	    745	     49	     
26/07/06-02:50	      7	     28	     27	    698	     44	     
26/07/06-03:00	      5	     30	     35	    784	     28	     
26/07/06-03:10	      7	     24	     35	    787	     27	     
26/07/06-03:20	      6	     18	     29	    705	     33	     
26/07/06-03:30	      6	     13	     22	    658	     45	     
26/07/06-03:40	      6	     10	     19	    647	     56	     
26/07/06-03:50	      6	      7	     19	    651	     54	     
26/07/06-04:00	      6	      1	     17	    634	     57	     
26/07/06-04:10	      5	      0	     17	    633	     57	     
26/07/06-04:20	      6	      0	     19	    641	     52	     
26/07/06-04:30	      6	      1	     22	    673	     48	     
26/07/06-04:40	      6	      4	     21	    659	     50	     
26/07/06-04:50	      6	     11	     19	    642	     53	     
26/07/06-05:00	      6	     16	     20	    677	     45	     
26/07/06-05:10	      6	     18	     19	    628	     45	     
26/07/06-05:20	      6	     18	     18	    635	     45	     
26/07/06-05:30	      5	     14	     18	    625	     46	     
26/07/06-05:40	      6	     13	     15	    615	     50	     
26/07/06-05:50	      6	      9	     15	    627	     54	     
26/07/06-06:00	      5	      6	     16	    629	     56	     
26/07/06-06:10	      5	      7	     16	    634	     56	     
26/07/06-06:20	      5	      6	     18	    620	     53	     
26/07/06-06:30	      6	      7	     17	    658	     51	     
26/07/06-06:40	      5	      7	     20	    647	     48	     
26/07/06-06:50	      6	     