8	     	     	     
31/07/06-01:10	     42	    135	    114	     	     	     
31/07/06-01:20	     42	    130	    112	     	     	     
31/07/06-01:30	     44	    115	    110	     	     	     
31/07/06-01:40	     46	     92	    107	     	     	     
31/07/06-01:50	     44	     80	    100	     	     	     
31/07/06-02:00	     40	     72	     94	     	     	     
31/07/06-02:10	     38	     73	     94	     	     	     
31/07/06-02:20	     36	     69	     97	     	     	     
31/07/06-02:30	     35	     64	     98	     	     	     
31/07/06-02:40	     35	     60	    100	     	     	     
31/07/06-02:50	     35	     59	    102	     	     	     
31/07/06-03:00	     34	     63	    102	     	     	     
31/07/06-03:10	     33	     64	     98	     	     	     
31/07/06-03:20	     33	     63	     95	     	     	     
31/07/06-03:30	     31	     61	     93	     	     	     
31/07/06-03:40	     31	     62	     91	     	     	     
31/07/06-03:50	     29	     67	     90	     	     	     
31/07/06-04:00	     29	     76	     87	     	     	     
31/07/06-04:10	     30	     71	     85	     	     	     
31/07/06-04:20	     30	     62	     86	     	     	     
31/07/06-04:30	     31	     48	     85	     	     	     
31/07/06-04:40	     32	     29	     83	     	     	     
31/07/06-04:50	     32	     24	     81	     	     	     
31/07/06-05:00	     32	     35	     80	     	     	     
31/07/06-05:10	     30	     44	     79	     	     	     
31/07/06-05:20	     31	     51	     79	     	     	     
31/07/06-05:30	     30	     57	     78	     	     	     
31/07/06-05:40	     28	     58	     75	     	     	     
31/07/06-05:50	     27	     56	     73	     	     	     
31/07/06-06:00	     26	     54	     73	     	     	     
31/07/06-06:10	     26	     48	     73	     	     	     
31/07/06-06:20	     25	     40	     75	     	     	     
31/07/06-06:30	     23	     35	     68	     	     	     
31/07/06-06:40	     23	     34	     67	     	     	     
31/07/06-06:50	     22	     35	     68	     	     	     
31/07/06-07:00	     23	     39	     68	     	     	     
31/07/06-07:10	     23	     38	     69	     	     	     
31/07/06-07:20	     24	     34	     71	     	     	     
31/07/06-07:30	     25	     32	     73	     	     	     
31/07/06-07:40	     26	     30	     73	     	     	     
31/07/06-07:50	     26	     35	     76	     	     	     
31/07/06-08:00	     27	     45	     76	     	     	     
31/07/06-08:10	     26	     56	     78	     	     	     
31/07/06-08:20	     26	     63	     79	     	     	     
31/07/06-08:30	     27	     72	     83	     	     	     
31/07/06-08:40	     28	     73	     82	     	     	     
31/07/06-08:50	     31	     67	     83	     	     	     
31/07/06-09:00	     34	     59	     82	     	     	     
31/07/06-09:10	     35	     46	     81	     	     	     
31/07/06-09:20	     35	     26	     79	     	     	     
31/07/06-09:30	     36	     15	     75	     	     	     
31/07/06-09:40	     39	     11	     75	     	     	     
31/07/06-09:50	     39	     14	     71	     	     	     
31/07/06-10:00	     41	     28	     68	     	     	     
31/07/06-10:10	     37	     47	     62	     	     	     
31/07/06-10:20	     36	     52	     63	     	     	     
31/07/06-10:30	     37	     50	     67	     	     	     
31/07/06-10:40	     38	     41	     70	     	     	     
31/07/06-10:50	     36	     32	     69	     	     	     
31/07/06-11:00	     37	     31	     74	     	     	     
31/07/06-11:10	     42	     40	     76	     	     	     
31/07/06-11:20	     43	     43	     71	     	     	     
31/07/06-11:30	     42	     41	     67	     	     	     
31/07/06-11:40	     42	     38	     66	     	     	     
31/07/06-11:50	     41	     36	     66	     	     	     
31/07/06-12:00	     40	     40	     68	     	     	     
31/07/06-12:10	     38	     48	     80	     	     	     
31/07/06-12:20	     36	     50	     73	     	     	     
31/07/06-12:30	     35	     47	     72	     	     	     
31/07/06-12:40	     33	     44	     65	     	     	     
31/07/06-12:50	     31	     44	     62	     	     	     
31/07/06-13:00	     29	     45	     57	     	     	     
31/07/06-13:10	     27	     46	     63	     	     	     
31/07/06-13:20	     27	     44	     68	     	     	     
31/07/06-13:30	     25	     38	     64	     	     	     
31/07/06-13:40	     24	     37	     65	     	     	     
31/07/06-13:50	     25	     40	     69	     	     	     
31/07/06-14:00	     25	     39	     71	     	     	     
31/07/06-14:10	     26	     31	     69	     	     	     
31/07/06-14:20	     26	     23	     72	     	     	     
31/07/06-14:30	     26	     15	     82	     	     	     
31/07/06-14:40	     27	     16	     84	     	     	     
31/07/06-14:50	     28	     45	     77	     	     	     
31/07/06-15:00	     26	    102	     67	     	     	     
31/07/06-15:10	     23	    155	     48	     	     	     
31/07/06-15:20	     23	    218	     40	     	     	     
31/07/06-15:30	     22	    256	     39	     	     	     
31/07/06-15:40	     21	    244	     37	     	     	     
31/07/06-15:50	     20	    200	     33	     	     	     
31/07/06-16:00	     19	    154	     30	     	     	     
31/07/06-16:10	     20	     95	     30	     	     	     
31/07/06-16:20	     20	     56	     33	     	     	     
31/07/06-16:30	     20	     41	     43	     	     	     
31/07/06-16:40	     20	     30	     44	     	     	     
31/07/06-16:50	     21	     25	     51	     	     	     
31/07/06-17:00	     22	     23	     70	     	     	     
31/07/06-17:10	     24	     28	     87	     	     	     
31/07/06-17:20	     24	     34	     81	     	     	     
31/07/06-17:30	     22	     38	     62	     	     	     
31/07/06-17:40	     22	     69	     57	     	     	     
31/07/06-17:50	     21	    126	     58	     	     	     
31/07/06-18:00	     21	    157	     60	     	     	     
31/07/06-18:10	     21	    164	     58	     	     	     
31/07/06-18:20	     21	    149	     59	     	     	     
31/07/06-18:30	     20	    107	     57	     	     	     
31/07/06-18:40	     20	     75	     50	     	     	     
31/07/06-18:50	     20	     70	     49	     	     	     
31/07/06-19:00	     20	     65	     50	     	     	     
31/07/06-19:10	     20	     63	     58	     	     	     
31/07/06-19:20	     20	     84	     58	     	     	     
31/07/06-19:30	     22	    167	     63	     	     	     
31/07/06-19:40	     24	    204	     69	     	     	     
31/07/06-19:50	     26	    202	     91	     	     	     
31/07/06-20:00	     26	    174	     93	     	     	     
31/07/06-20:10	     26	    117	     91	     	     	     
31/07/06-20:20	     25	     59	     74	     	     	     
31/07/06-20:30	     23	     74	     71	     	     	     
31/07/06-20:40	     24	     78	     65	     	     	     
31/07/06-20:50	     25	     82	     72	     	     	     
31/07/06-21:00	     27	     82	     82	     	     	     
31/07/06-21:10	     29	     80	     83	     	     	     
31/07/06-21:20	     28	     83	     78	     	     	     
31/07/06-21:30	     26	    137	     70	     	     	     
31/07/06-21:40	     24	    192	     66	     	     	     
31/07/06-21:50	     23	    210	     61	     	     	     
31/07/06-22:00	     22	    192	     69	     	     	     
31/07/06-22:10	     24	    121	     75	     	     	     
31/07/06-22:20	     23	     13	     73	     	     	     
31/07/06-22:30	     23	      5	     73	     	     	     
31/07/06-22:40	     25	      6	     76	     	     	     
31/07/06-22:50	     24	      6	     75	     	     	     
31/07/06-23:00	     25	     33	     77	     	     	     
31/07/06-23:10	     25	     81	     75	     	     	     
31/07/06-23:20	     25	     63	     63	     	     	     
31/07/06-23:30	     25	     33	     55	     	     	     
31/07/06-23:40	     25	      9	     54	     	     	     
31/07/06-23:50	     24	     12	     43	     	     	     
01/08/06-00:00	     24	     20	     42	     	     	     
  
Nota:	Los datos, aqui publicados, no han sido sometidos al proceso de validacion.
	Las unidades estan expresadas en microgramos/metrocubico(ug/m3).
  
	
	
Provincia: CADIZ		Estacion: E4:RINCONCILLO
Municipio: ALGECIRAS		Direccion: C/ SALOU.  BARRIADA EL RINCONCILLO
	
FECHA-HORA	    SO2	   PART	    NO2	       	       	       
 
31/07/06-00:10	      9	     57	    101	     	     	     
31/07/06-00:20	      9	     57	    103	     	     	     
31/07/06-00:30	      8	     58	    100	     	     	     
31/07/06-00:40	      8	     65	     91	     	     	     
31/07/06-00:50	      9	     66	     91	     	     	     
31/07/06-01:00	      9	     72	    100	     	     	     
31/07/06-01:10	      8	     76	     86	     	     	     
31/07/06-01:20	     11	     62	     81	     	     	     
31/07/06-01:30	     11	     41	     62	     	     	     
31/07/06-01:40	      9	     29	     51	     	     	     
31/07/06-01:50	      9	     27	     79	     	     	     
31/07/06-02:00	      7	     37	     36	     	     	     
31/07/06-02:10	      8	     46	     27	     	     	     
31/07/06-02:20	      7	     43	     26	     	     	     
31/07/06-02:30	      7	     33	     23	     	     	     
31/07/06-02:40	      9	     27	     81	     	     	     
31/07/06-02:50	     10	     46	    102	     	     	     
31/07/06-03:00	      9	     91	    100	     	     	     
31/07/06-03:10	      9	    129	     95	     	     	     
31/07/06-03:20	     10	    153	    101	     	     	     
31/07/06-03:30	      9	    153	     99	     	     	     
31/07/06-03:40	      9	    125	     98	     	     	     
31/07/06-03:50	     10	     93	     99	     	     	     
31/07/06-04:00	     10	     70	     99	     	     	     
31/07/06-04:10	      9	     58	     91	     	     	     
31/07/06-04:20	      8	     59	     83	     	     	     
31/07/06-04:30	      8	     63	     83	     	     	     
31/07/06-04:40	      8	     56	     86	     	     	     
31/07/06-04:50	      8	     52	     80	     	     	     
31/07/06-05:00	      9	     54	     74	     	     	     
31/07/06-05:10	      9	     54	     67	     	     	     
31/07/06-05:20	      8	     60	     62	     	     	     
31/07/06-05:30	      8	     65	     61	     	     	     
31/07/06-05:40	      8	     56	     62	     	     	     
31/07/06-05:50	      8	     44	     62	     	     	     
31/07/06-06:00	      7	     35	     56	     	     	     
31/07/06-06:10	      6	     26	     54	     	     	     
31/07/06-06:20	      6	     21	     55	     	     	     
31/07/06-06:30	      5	     22	     55	     	     	     
31/07/06-06:40	      4	     25	     56	     	     	     
31/07/06-06:50	      4	     35	     63	     	     	     
31/07/06-07:00	      5	     46	     56	     	     	     
31/07/06-07:10	      5	     55	     54	     	     	     
31/07/06-07:20	      4	     56	     53	     	     	     
31/07/06-07:30	      4	     53	     51	     	     	     
31/07/06-07:40	      5	     51	     53	     	     	     
31/07/06-07:50	      4	     54	     61	     	     	     
31/07/06-08:00	      4	     59	     60	     	     	     
31/07/06-08:10	      4	     64	     68	     	     	     
31/07/06-08:20	      5	     63	     67	     	     	     
31/07/06-08:30	      4	     61	     68	     	     	     
31/07/06-08:40	      4	     62	     66	     	     	     
31/07/06-08:50	      4	     68	     61	     	     	     
31/07/06-09:00	      3	     81	     47	     	     	     
31/07/06-09:10	      3	     83	     40	     	     	     
31/07/06-09:20	      3	     75	     34	     	     	     
31/07/06-09:30	      3	     64	     29	     	     	     
31/07/06-09:40	      3	     45	     23	     	     	     
31/07/06-09:50	      3	     26	     24	     	     	     
31/07/06-10:00	      3	     21	     23	     	     	     
31/07/06-10:10	      3	     20	     22	     	     	     
31/07/06-10:20	      3	     18	     23	     	     	     
31/07/06-10:30	      4	     22	     24	     	     	     
31/07/06-10:40	      4	     19	     28	     	     	     
31/07/06-10:50	      6	     17	     52	     	     	     
31/07/06-11:00	      9	     17	     61	     	     	     
31/07/06-11:10	     14	     26	     57	     	     	     
31/07/06-11:20	     12	     43	     28	     	     	     
31/07/06-11:30	     10	     58	     32	     	     	     
31/07/06-11:40	      8	     62	     21	     	     	     
31/07/06-11:50	      8	     60	     20	     	     	     
31/07/06-12:00	      8	     50	     46	     	     	     
31/07/06-12:10	     10	     41	     49	     	     	     
31/07/06-12:20	     11	     48	     41	     	     	     
31/07/06-12:30	     11	     15	     13	     	     	     
31/07/06-12:40	      9	      6	     18	     	     	     
31/07/06-12:50	      7	      5	     14	     	     	     
31/07/06-13:00	      7	      5	     12	     	     	     
31/07/06-13:10	      6	      5	     11	     	     	     
31/07/06-13:20	      4	      5	     10	     	     	     
31/07/06-13:30	      4	      5	     10	     	     	     
31/07/06-14:20	     18	     71	     22	     	     	     
31/07/06-14:30	     19	     82	     23	     	     	     
31/07/06-14:40	     19	     92	     23	     	     	     
31/07/06-14:50	     20	    100	     25	     	     	     
31/07/06-15:00	     19	     98	     22	     	     	     
31/07/06-15:10	     20	    101	     25	     	     	     
31/07/06-15:20	     21	    107	     19	     	     	     
31/07/06-15:30	     21	    102	     20	     	     	     
31/07/06-15:40	     21	     91	     22	     	     	     
31/07/06-15:50	     22	     84	     23	     	     	     
31/07/06-16:00	     22	     75	     25	     	     	     
31/07/06-16:10	     22	     68	     20	     	     	     
31/07/06-16:20	     22	     72	     23	     	     	     
31/07/06-16:30	     22	     74	     21	     	     	     
31/07/06-16:40	     22	     71	     21	     	     	     
31/07/06-16:50	     23	     69	     22	     	     	     
31/07/06-17:00	     24	     72	     26	     	     	     
31/07/06-17:10	     24	     75	     27	     	     	     
31/07/06-17:20	     24	     89	     21	     	     	     
31/07/06-17:30	     23	    104	     21	     	     	     
31/07/06-17:40	     24	    110	     19	     	     	     
31/07/06-17:50	     23	    103	     18	     	     	     
31/07/06-18:00	     24	    108	     20	     	     	     
31/07/06-18:10	     23	    106	     17	     	     	     
31/07/06-18:20	     23	    111	     15	     	     	     
31/07/06-18:30	     22	    118	     17	     	     	     
31/07/06-18:40	     22	    119	     16	     	     	     
31/07/06-18:50	     22	    113	     19	     	     	     
31/07/06-19:00	     22	    104	     22	     	     	     
31/07/06-19:10	     21	     92	     18	     	     	     
31/07/06-19:20	     22	     84	     13	     	     	     
31/07/06-19:30	     21	     76	     19	     	     	     
31/07/06-19:40	     21	     75	     14	     	     	     
31/07/06-19:50	     21	     71	     21	     	     	     
31/07/06-20:00	     22	     70	     15	     	     	     
31/07/06-20:10	     21	     74	     14	     	     	     
31/07/06-20:20	     21	     98	     12	     	     	     
31/07/06-20:30	     21	    128	     17	     	     	     
31/07/06-20:40	     21	    152	     15	     	     	     
31/07/06-20:50	     21	    156	     13	     	     	     
31/07/06-21:00	     21	    140	     17	     	     	     
31/07/06-21:10	     21	    110	     20	     	     	     
31/07/06-21:20	     21	     90	     13	     	     	     
31/07/06-21:30	     21	     83	     17	     	     	     
31/07/06-21:40	     21	     84	     19	     	     	     
31/07/06-21:50	     21	     78	     17	     	     	     
31/07/06-22:00	     21	     64	     18	     	     	     
31/07/06-22:10	     22	     52	     34	     	     	     
31/07/06-22:20	     25	     47	     85	     	     	     
31/07/06-22:30	     26	     65	     72	     	     	     
31/07/06-22:40	     27	     86	     70	     	     	     
31/07/06-22:50	     27	     92	     66	     	     	     
31/07/06-23:00	     29	     84	     72	     	     	     
31/07/06-23:10	     30	     70	     72	     	     	     
31/07/06-23:20	     31	     50	     58	     	     	     
31/07/06-23:30	     32	     41	     45	     	     	     
31/07/06-23:40	     31	     37	     25	     	     	     
31/07/06-23:50	     28	     20	     14	     	     	     
01/08/06-00:00	     26	      8	     13	     	     	     
  
Nota:	Los datos, aqui publicados, no han sido sometidos al proceso de validacion.
	Las unidades estan expresadas en microgramos/metrocubico(ug/m3).
  
	
	
Provincia: CADIZ		Estacion: E2:ALCORNOCALES
Municipio: BARRIOS (LOS)		Direccion: FINCA LAS HORCAS. MONTE DE LOS BARRIOS
	
FECHA-HORA	    SO2	   PART	    NO2	       	     O3	       
 
31/07/06-00:10	     15	     34	     	     	     88	     
31/07/06-00:20	     15	     36	     	     	     86	     
31/07/06-00:30	     15	     36	     	     	     80	     
31/07/06-00:40	     14	     39	     	     	     87	     
31/07/06-00:50	     14	     43	     	     	     87	     
31/07/06-01:00	     14	     43	     	     	     86	     
31/07/06-01:10	     14	     38	     	     	     81	     
31/07/06-01:20	     14	     37	     	     	     85	     
31/07/06-01:30	     14	     34	     	     	     77	     
31/07/06-01:40	     13	     29	     	     	     76	     
31/07/06-01:50	     14	     34	     	     	     80	     
31/07/06-02:00	     14	     33	     	     	     76	     
31/07/06-02:10	     14	     31	     	     	     78	     
31/07/06-02:20	     14	     29	     	     	     75	     
31/07/06-02:30	     13	     25	     	     	     75	     
31/07/06-02:40	     13	     20	     	     	     73	     
31/07/06-02:50	     13	     19	     	     	     76	     
31/07/06-03:00	     13	     15	     	     	     75	     
31/07/06-03:10	     13	     15	     	     	     76	     
31/07/06-03:20	     13	     19	     	     	     75	     
31/07/06-03:30	     14	     15	     	     	     76	     
31/07/06-03:40	     14	     13	     	     	     76	     
31/07/06-03:50	     13	     16	     	     	     80	     
31/07/06-04:00	     13	     12	     	     	     81	     
31/07/06-04:10	     13	     12	     	     	     82	     
31/07/06-04:20	     14	     14	     	     	     78	     
31/07/06-04:30	     13	     15	     	     	     80	     
31/07/06-04:40	     13	     18	     	     	     80	     
31/07/06-04:50	     13	     22	     	     	     80	     
31/07/06-05:00	     13	     21	     	     	     77	     
31/07/06-05:10	     13	     22	     	     	     77	     
31/07/06-05:20	     13	     25	     	     	     74	     
31/07/06-05:30	     13	     28	     	     	     73	     
31/07/06-05:40	     14	     28	     	     	     75	     
31/07/06-05:50	     14	     30	     	     	     72	     
31/07/06-06:00	     13	     28	     	     	     72	     
31/07/06-06:10	     14	     23	     	     	     69	     
31/07/06-06:20	     14	     25	     	     	     63	     
31/07/06-06:30	     13	     29	     	     	     63	     
31/07/06-06:40	     13	     31	     	     	     64	     
31/07/06-06:50	     13	     34	     	     	     57	     
31/07/06-07:00	     13	     33	     	     	     64	     
31/07/06-07:10	     14	     33	     	     	     67	     
31/07/06-07:20	     14	     43	     	     	     61	     
31/07/06-07:30	     14	     50	     	     	     62	     
31/07/06-07:40	     15	     51	     	     	     66	     
31/07/06-07:50	     15	     45	     	     	     55	     
31/07/06-08:00	     15	     34	     	     	     44	     
31/07/06-08:10	     15	     32	     	     	     45	     
31/07/06-08:20	     15	     33	     	     	     41	     
31/07/06-08:30	     15	     29	     	     	     39	     
31/07/06-08:40	     14	     39	     	     	     43	     
31/07/06-08:50	     15	     35	     	     	     45	     
31/07/06-09:00	     14	     34	     	     	     44	     
31/07/06-09:10	     14	     42	     	     	     41	     
31/07/06-09:20	     14	     54	     	     	     43	     
31/07/06-11:50	     23	     20	     	     	     68	     
31/07/06-12:00	     23	      6	     	     	     71	     
31/07/06-12:10	     22	      5	     	     	     71	     
31/07/06-12:20	     21	      5	     	     	     72	     
31/07/06-12:30	     20	      7	     	     	     75	     
31/07/06-12:40	     20	     21	     	     	     76	     
31/07/06-12:50	     19	     31	     	     	     78	     
31/07/06-13:00	     19	     32	     	     	     78	     
31/07/06-13:10	     19	     31	     	     	     80	     
31/07/06-13:20	     18	     41	     	     	     82	     
31/07/06-13:30	     18	     49	     	     	     90	     
31/07/06-13:40	     19	     54	     	     	     93	     
31/07/06-13:50	     19	     53	     	     	     93	     
31/07/06-14:00	     18	     45	     	     	     96	     
31/07/06-14:10	     18	     34	     	     	    103	     
31/07/06-14:20	     18	     34	     	     	    105	     
31/07/06-14:30	     18	     35	     	     	    110	     
31/07/06-14:40	     18	     36	     	     	    114	     
31/07/06-14:50	     17	     37	     	     	    114	     
31/07/06-15:00	     17	     34	     	     	    117	     
31/07/06-15:10	     18	     31	     	     	    119	     
31/07/06-15:20	     18	     29	     	     	    122	     
31/07/06-15:30	     17	     19	     	     	    124	     
31/07/06-15:40	     17	     14	     	     	    123	     
31/07/06-15:50	     17	     13	     	     	    123	     
31/07/06-16:00	     17	     18	     	     	    123	     
31/07/06-16:10	     17	     28	     	     	    125	     
31/07/06-16:20	     17	     41	     	     	    127	     
31/07/06-16:30	     17	     44	     	     	    128	     
31/07/06-16:40	     17	     45	     	     	    131	     
31/07/06-16:50	     17	     45	     	     	    128	     
31/07/06-17:00	     18	     39	     	     	    124	     
31/07/06-17:10	     18	     36	     	     	    123	     
31/07/06-17:20	     17	     35	     	     	    117	     
31/07/06-17:30	     17	     37	     	     	    111	     
31/07/06-17:40	     17	     36	     	     	    113	     
31/07/06-17:50	     17	     37	     	     	    109	     
31/07/06-18:00	     17	     32	     	     	    106	     
31/07/06-18:10	     16	     32	     	     	    103	     
31/07/06-18:20	     16	     30	     	     	    100	     
31/07/06-18:30	     16	     33	     	     	     97	     
31/07/06-18:40	     16	     42	     	     	     96	     
31/07/06-18:50	     16	     62	     	     	     91	     
31/07/06-19:00	     16	     70	     	     	     91	     
31/07/06-19:10	     15	     71	     	     	     89	     
31/07/06-19:20	     15	     60	     	     	     86	     
31/07/06-19:30	     15	     36	     	     	     84	     
31/07/06-19:40	     15	     17	     	     	     82	     
31/07/06-19:50	     15	     16	     	     	     80	     
31/07/06-20:00	     15	     14	     	     	     78	     
31/07/06-20:10	     15	     16	     	     	     76	     
31/07/06-20:20	     15	     20	     	     	     76	     
31/07/06-20:30	     15	     17	     	     	     75	     
31/07/06-20:40	     15	     20	     	     	     71	     
31/07/06-20:50	     15	     22	     	     	     73	     
31/07/06-21:00	     15	     22	     	     	     75	     
31/07/06-21:10	     15	     22	     	     	     73	     
31/07/06-21:20	     15	     24	     	     	     73	     
31/07/06-21:30	     15	     24	     	     	     74	     
31/07/06-21:40	     15	     30	     	     	     75	     
31/07/06-21:50	     15	     33	     	     	     75	     
31/07/06-22:00	     15	     33	     	     	     72	     
31/07/06-22:10	     15	     32	     	     	     69	     
31/07/06-22:20	     15	     28	     	     	     71	     
31/07/06-22:30	     14	     24	     	     	     70	     
31/07/06-22:40	     14	     28	     	     	     67	     
31/07/06-22:50	     14	     34	     	     	     72	     
31/07/06-23:00	     14	     33	     	     	     66	     
31/07/06-23:10	     14	     30	     	     	     70	     
31/07/06-23:20	     14	     26	     	     	     74	     
31/07/06-23:30	     15	     18	     	     	     71	     
31/07/06-23:40	     14	     16	     	     	     74	     
31/07/06-23:50	     14	     23	     	     	     75	     
01/08/06-00:00	     14	     24	     	     	     72	     
  
Nota:	Los datos, aqui publicados, no han sido sometidos al proceso de validacion.
	Las unidades estan expresadas en microgramos/metrocubico(ug/m3).
  
	
	
Provincia: CADIZ		Estacion: ALGECIRAS EPS
Municipio: ALGECIRAS		Direccion: ESCUELA POLITÉCNICA SUPERIOR
	
FECHA-HORA	    SO2	   PART	    NO2	     CO	       	       
 
31/07/06-00:10	     21	     	    117	    817	     	     
31/07/06-00:20	     21	     	    116	    330	     	     
31/07/06-00:30	     22	     	    117	    538	     	     
31/07/06-00:40	     22	     	    107	    557	     	     
31/07/06-00:50	     21	     	     65	    353	     	     
31/07/06-01:00	     20	     	     52	    249	     	     
31/07/06-01:10	     18	     	     60	    353	     	     
31/07/06-01:20	     17	     	    100	    356	     	     
31/07/06-01:30	     17	     	    103	    396	     	     
31/07/06-01:40	     19	     	     96	    388	     	     
31/07/06-01:50	     19	     	     67	    286	     	     
31/07/06-02:00	     17	     52	     56	    325	     	     
31/07/06-02:10	     15	     55	     31	    198	     	     
31/07/06-02:20	     13	     56	     23	    191	     	     
31/07/06-02:30	     13	     53	     18	    169	     	     
31/07/06-02:40	     12	     49	     17	    188	     	     
31/07/06-02:50	     11	     42	     17	    156	     	     
31/07/06-03:00	     11	     32	     17	    159	     	     
31/07/06-03:10	     10	     23	     18	    184	     	     
31/07/06-03:20	     11	     20	     47	    192	     	     
31/07/06-03:30	     11	     26	     52	    197	     	     
31/07/06-03:40	     13	     43	     68	    229	     	     
31/07/06-03:50	     17	     54	     88	    222	     	     
31/07/06-04:00	     22	     60	     91	    234	     	     
31/07/06-04:10	     25	     62	     92	    193	     	     
31/07/06-04:20	     29	     60	     92	    185	     	     
31/07/06-04:30	     34	     53	     93	    205	     	     
31/07/06-04:40	     32	     54	     92	    194	     	     
31/07/06-04:50	     31	     50	     89	    181	     	     
31/07/06-05:00	     30	     46	     86	    216	     	     
31/07/06-05:10	     26	     43	     78	    234	     	     
31/07/06-05:20	     27	     42	     83	    218	     	     
31/07/06-05:30	     28	     43	     87	    188	     	     
31/07/06-05:40	     30	     43	     88	    265	     	     
31/07/06-05:50	     29	     43	     84	    208	     	     
31/07/06-06:00	     28	     42	     87	    254	     	     
31/07/06-06:10	     29	     46	     86	    247	     	     
31/07/06-06:20	     27	     44	     84	    228	     	     
31/07/06-06:30	     26	     45	     78	    199	     	     
31/07/06-06:40	     24	     45	     80	    198	     	     
31/07/06-06:50	     23	     47	     85	    193	     	     
31/07/06-07:00	     24	     42	     87	    215	     	     
31/07/06-07:10	     23	     43	     87	    214	     	     
31/07/06-07:20	     24	     45	     88	    241	     	     
31/07/06-07:30	     27	     48	     87	    369	     	     
31/07/06-07:40	     24	     47	     61	    210	     	     
31/07/06-07:50	     19	     41	     54	    193	     	     
31/07/06-08:00	     17	     30	     68	    183	     	     
31/07/06-08:10	     15	     21	     51	    156	     	     
31/07/06-08:20	     13	     18	     39	    157	     	     
31/07/06-08:30	     14	     17	     63	    181	     	     
31/07/06-08:40	     15	     26	     71	    176	     	     
31/07/06-08:50	     16	     31	     71	    200	     	     
31/07/06-09:00	     15	     38	     68	    282	     	     
31/07/06-09:10	     15	     49	     67	    195	     	     
31/07/06-09:20	     14	     56	     61	    194	     	     
31/07/06-09:30	     15	     52	     53	    195	     	     
31/07/06-09:40	     16	     46	     48	    173	     	     
31/07/06-09:50	     14	     31	     50	    141	     	     
31/07/06-10:00	     17	     22	     56	    178	     	     
31/07/06-10:10	     16	     20	     63	    176	     	     
31/07/06-10:20	     16	     21	     60	    186	     	     
31/07/06-10:30	     16	     27	     73	    220	     	     
31/07/06-10:40	     22	     36	     88	    228	     	     
31/07/06-10:50	     27	     49	     84	    199	     	     
31/07/06-11:00	     33	     62	     89	    304	     	     
31/07/06-11:10	     33	     69	     84	    242	     	     
31/07/06-11:20	     32	     69	     81	    241	     	     
31/07/06-11:30	     31	     62	     81	    212	     	     
31/07/06-11:40	     31	     47	     92	    201	     	     
31/07/06-11:50	     44	     13	     96	    222	     	     
31/07/06-12:00	     59	     	     94	    216	     	     
31/07/06-12:10	     59	     	     91	    169	     	     
31/07/06-12:20	     59	     	     74	    192	     	     
31/07/06-12:30	     32	     	     29	    204	     	     
31/07/06-12:40	     19	     	     23	    230	     	     
31/07/06-12:50	     15	     	     19	    206	     	     
31/07/06-13:00	     13	     	     20	    202	     	     
31/07/06-13:10	     12	     	     21	    251	     	     
31/07/06-13:20	     12	     	     20	    222	     	     
31/07/06-13:30	     11	     	     18	    213	     	     
31/07/06-13:40	     11	     	     22	    208	     	     
31/07/06-13:50	     11	     	     21	    236	     	     
31/07/06-14:00	     10	     	     20	    275	     	     
31/07/06-14:10	     10	     	     21	    290	     	     
31/07/06-14:20	     12	     	     20	    267	     	     
31/07/06-14:30	     10	     	     18	    228	     	     
31/07/06-14:40	     10	     	     19	    242	     	     
31/07/06-14:50	     10	     	     19	    200	     	     
31/07/06-15:00	     10	     	     20	    236	     	     
31/07/06-15:10	      9	     	     16	    261	     	     
31/07/06-15:20	      9	     	     18	    228	     	     
31/07/06-15:30	      9	     	     16	    215	     	     
31/07/06-15:40	      9	     	     16	    263	     	     
31/07/06-15:50	      9	     	     19	    228	     	     
31/07/06-16:00	      9	     	     18	    259	     	     
31/07/06-16:10	     10	     	     18	    205	     	     
31/07/06-16:20	      9	     	     25	    216	     	     
31/07/06-16:30	     10	     	     20	    238	     	     
31/07/06-16:40	      9	     	     19	    218	     	     
31/07/06-16:50	      9	     	     20	    226	     	     
31/07/06-17:00	      9	     	     20	    218	     	     
31/07/06-17:10	     10	     	     22	    246	     	     
31/07/06-17:20	      9	     	     20	    257	     	     
31/07/06-17:30	      9	     	     20	    244	     	     
31/07/06-17:40	      8	     	     18	    197	     	     
31/07/06-17:50	      9	     	     20	    190	     	     
31/07/06-18:00	      9	     	     19	    217	     	     
31/07/06-18:10	      8	     	     20	    244	     	     
31/07/06-18:20	      9	     	     20	    193	     	     
31/07/06-18:30	      8	     	     18	    193	     	     
31/07/06-18:40	      9	     	     23	    184	     	     
31/07/06-18:50	      9	     	     20	    203	     	     
31/07/06-19:00	      9	     	     20	    186	     	     
31/07/06-19:10	      9	     	     21	    190	     	     
31/07/06-19:20	      8	     	     21	    201	     	     
31/07/06-19:30	      9	     	     23	    175	     	     
31/07/06-19:40	      8	     	     20	    240	     	     
31/07/06-19:50	      9	     	     19	    183	     	     
31/07/06-20:00	      8	     	     19	    199	     	     
31/07/06-20:10	      9	     	     16	    187	     	     
31/07/06-20:20	      8	     	     18	    196	     	     
31/07/06-20:30	      8	     	     16	    194	     	     
31/07/06-20:40	      8	     	     20	    210	     	     
31/07/06-20:50	      8	     	     23	    229	     	     
31/07/06-21:00	      7	     	     23	    187	     	     
31/07/06-21:10	      8	     	     22	    184	     	     
31/07/06-21:20	      8	     	     22	    189	     	     
31/07/06-21:30	      9	     	     21	    192	     	     
31/07/06-21:40	      8	     	     21	    196	     	     
31/07/06-21:50	      9	     	     26	    186	     	     
31/07/06-22:00	      8	     	     27	    232	     	     
31/07/06-22:10	      8	     	     27	    252	     	     
31/07/06-22:20	      8	     	     27	    257	     	     
31/07/06-22:30	      7	     	     27	    198	     	     
31/07/06-22:40	      7	     	     25	    231	     	     
31/07/06-22:50	      7	     	     24	    223	     	     
31/07/06-23:00	      8	     	     22	    248	     	     
31/07/06-23:10	      8	     	     18	    272	     	     
31/07/06-23:20	      8	     	     16	    227	     	     
31/07/06-23:30	      8	     	     17	    245	     	     
31/07/06-23:40	      7	     	     17	    204	     	     
31/07/06-23:50	      8	     	     16	    263	     	     
01/08/06-00:00	      7	     	     15	    232	     	     
  
Nota:	Los datos, aqui publicados, no han sido sometidos al proceso de validacion.
	Las unidades estan expresadas en microgramos/metrocubico(ug/m3).
  
	
	
Provincia: CADIZ		Estacion: JEREZ-CHAPÍN
Municipio: JEREZ DE LA FRONTERA		Direccion: AVDA.OLIMPIADAS S/N, CP:11405
	
FECHA-HORA	    SO2	   PART	    NO2	     CO	     O3	       
 
31/07/06-00:10	      9	     37	     78	    551	     38	     
31/07/06-00:20	      9	     35	     83	    447	     41	     
31/07/06-00:30	      8	     34	     73	    431	     47	     
31/07/06-00:40	      8	     36	     74	    624	     48	     
31/07/06-00:50	      8	     38	     67	    580	     53	     
31/07/06-01:00	      8	     35	     69	    607	     49	     
31/07/06-01:10	      9	     37	     68	    622	     48	     
31/07/06-01:20	      9	     41	     66	    630	     48	     
31/07/06-01:30	     10	     44	     67	    662	     40	     
31/07/06-01:40	     11	     43	     56	    579	     41	     
31/07/06-01:50	      9	     42	     44	    453	     47	     
31/07/06-02:00	      8	     44	     47	    564	     47	     
31/07/06-02:10	      8	     47	     47	    507	     48	     
31/07/06-02:20	      7	     45	     43	    445	     51	     
31/07/06-02:30	      7	     40	     36	    389	     55	     
31/07/06-02:40	      8	     34	     32	    383	     54	     
31/07/06-02:50	      8	     31	     33	    432	     53	     
31/07/06-03:00	      7	     28	     27	    342	     57	     
31/07/06-03:10	      8	     25	     26	    373	     56	     
31/07/06-03:20	      7	     27	     28	    331	     55	     
31/07/06-03:30	      8	     31	     48	    310	     45	     
31/07/06-03:40	      8	     36	     51	    354	     45	     
31/07/06-03:50	      7	     39	     55	    411	     41	     
31/07/06-04:00	      7	     46	     64	    433	     38	     
31/07/06-04:10	      7	     50	     67	    426	     37	     
31/07/06-04:20	      7	     52	     62	    441	     39	     
31/07/06-04:30	      8	     53	     61	    440	     37	     
31/07/06-04:40	      8	     53	     62	    462	     36	     
31/07/06-04:50	      7	     53	     61	    457	     33	     
31/07/06-05:00	      8	     51	     56	    489	     34	     
31/07/06-05:10	      8	     49	     53	    461	     34	     
31/07/06-05:20	      8	     44	     48	    371	     35	     
31/07/06-05:30	      8	     42	     45	    349	     30	     
31/07/06-05:40	      8	     40	     62	    326	     17	     
31/07/06-05:50	      8	     35	     78	    313	     13	     
31/07/06-06:00	      7	     32	     79	    307	     13	     
31/07/06-06:10	      7	     29	     78	    322	     12	     
31/07/06-06:20	      7	     30	     78	    337	     12	     
31/07/06-06:30	      8	     31	     76	    426	     12	     
31/07/06-06:40	      8	     35	     74	    509	     12	     
31/07/06-06:50	      7	     37	     75	    474	     12	     
31/07/06-07:00	      7	     40	     76	    553	     12	     
31/07/06-07:10	      7	     42	     79	    590	     12	     
31/07/06-07:20	      7	     43	     77	    611	     12	     
31/07/06-07:30	      7	     45	     77	    557	     11	     
31/07/06-07:40	      8	     47	     78	    476	     12	     
31/07/06-07:50	      7	     54	     81	    568	     12	     
31/07/06-08:00	      7	     61	     86	    578	     13	     
31/07/06-08:10	      8	     70	     90	    534	     13	     
31/07/06-08:20	      7	     75	     	    526	     15	     
31/07/06-08:30	      8	     80	     	    508	     17	     
31/07/06-08:40	      8	     86	     	    598	     20	     
31/07/06-08:50	      9	     92	     	    804	     13	     
31/07/06-09:00	      8	     93	     	    704	     18	     
31/07/06-09:10	      8	     92	     	    659	     37	     
31/07/06-09:20	      8	     92	     	    373	     21	     
31/07/06-09:30	      9	     95	     	    440	     15	     
31/07/06-09:40	      8	    101	     	    537	     18	     
31/07/06-09:50	      8	    110	     	    506	     18	     
31/07/06-10:00	      8	    114	     	    490	     22	     
31/07/06-10:10	      8	    120	     	    503	     24	     
31/07/06-10:20	      8	    127	     	    459	     28	     
31/07/06-10:30	      8	    132	     	    367	     42	     
31/07/06-10:40	      8	    132	     	    321	     55	     
31/07/06-11:00	      9	     97	     	    328	     55	     
31/07/06-11:10	      9	     83	     	    321	     66	     
31/07/06-11:20	      8	     61	     	    384	     69	     
31/07/06-11:30	      8	     43	     	    453	     73	     
31/07/06-11:40	      9	     32	     	    332	     77	     
31/07/06-11:50	      9	     28	     	    621	     80	     
31/07/06-12:00	      9	     29	     	    356	     84	     
31/07/06-12:10	      9	     34	     	    326	     88	     
31/07/06-12:20	      9	     40	     	    323	     93	     
31/07/06-12:30	      9	     48	     	    405	     99	     
31/07/06-12:40	      9	     51	     	    394	    102	     
31/07/06-12:50	      9	     48	     	    492	    102	     
31/07/06-13:00	      9	     48	     	    438	    104	     
31/07/06-13:10	      9	     50	     	    426	    102	     
31/07/06-13:20	      9	     50	      5	    366	     94	     
31/07/06-13:30	      9	     49	      6	    365	     96	     
31/07/06-13:40	      8	     46	      7	    417	     99	     
31/07/06-13:50	      8	     45	      6	    356	     98	     
31/07/06-14:00	      8	     48	      5	    382	    103	     
31/07/06-14:10	      8	     45	      7	    372	    101	     
31/07/06-14:20	      8	     37	      5	    377	    105	     
31/07/06-14:30	      8	     27	      7	    379	    101	     
31/07/06-14:40	      8	     23	      5	    370	    102	     
31/07/06-14:50	      7	     21	      3	    338	    103	     
31/07/06-15:00	      8	     18	      3	    391	    105	     
31/07/06-15:10	      8	     15	      6	    424	    112	     
31/07/06-15:20	      8	     13	      7	    324	    109	     
31/07/06-15:30	      8	     20	      8	    312	    105	     
31/07/06-15:40	      8	     22	      7	    314	    105	     
31/07/06-15:50	      8	     21	      7	    331	    105	     
31/07/06-16:00	      8	     18	      8	    316	    104	     
31/07/06-16:10	      8	     18	      6	    314	    106	     
31/07/06-16:20	      8	     22	      6	    320	    104	     
31/07/06-16:30	      8	     26	      7	    318	    102	     
31/07/06-16:40	      8	     26	      6	    315	     99	     
31/07/06-16:50	      8	     28	      6	    311	    100	     
31/07/06-17:00	      8	     33	      6	    316	    100	     
31/07/06-17:10	      7	     35	      7	    309	     98	     
31/07/06-17:20	      7	     36	      7	    315	     97	     
31/07/06-17:30	      8	     34	      5	    313	     97	     
31/07/06-17:40	      8	     29	      6	    314	     92	     
31/07/06-17:50	      8	     26	      7	    313	     89	     
31/07/06-18:00	      8	     26	      6	    311	     89	     
31/07/06-18:10	      7	     25	      8	    311	     82	     
31/07/06-18:20	      8	     26	      9	    311	     78	     
31/07/06-18:30	      8	     29	      7	    312	     77	     
31/07/06-18:40	      7	     35	      5	    311	     78	     
31/07/06-18:50	      8	     37	      7	    314	     73	     
31/07/06-19:00	      7	     38	      7	    328	     76	     
31/07/06-19:10	      7	     36	      7	    321	     77	     
31/07/06-19:20	      7	     30	      7	    331	     77	     
31/07/06-19:30	      7	     27	      9	    334	     78	     
31/07/06-19:40	      7	     27	      9	    318	     79	     
31/07/06-19:50	      7	     26	     10	    315	     78	     
31/07/06-20:00	      8	     25	     13	    329	     73	     
31/07/06-20:10	      7	     29	     11	    322	     76	     
31/07/06-20:20	      7	     32	     12	    320	     78	     
31/07/06-20:30	      7	     33	     11	    334	     80	     
31/07/06-20:40	      8	     33	     12	    320	     79	     
31/07/06-20:50	      8	     35	     11	    313	     80	     
31/07/06-21:00	      8	     35	     11	    310	     81	     
31/07/06-21:10	      8	     38	     12	    327	     80	     
31/07/06-21:20	      8	     42	     13	    315	     78	     
31/07/06-21:30	      7	     45	     15	    442	     75	     
31/07/06-21:40	      7	     43	     14	    421	     76	     
31/07/06-21:50	      8	     44	     16	    466	     77	     
31/07/06-22:00	      8	     44	     16	    442	     79	     
31/07/06-22:10	      8	     44	     14	    394	     78	     
31/07/06-22:20	      7	     43	     14	    367	     77	     
31/07/06-22:30	      8	     38	     13	    366	     77	     
31/07/06-22:40	      8	     35	     12	    355	     78	     
31/07/06-22:50	      8	     36	     13	    428	     73	     
31/07/06-23:00	      8	     33	     26	    413	     59	     
31/07/06-23:10	      8	     25	     35	    427	     56	     
31/07/06-23:20	      8	     23	     23	    374	     77	     
31/07/06-23:30	      8	     28	     10	    437	     86	     
31/07/06-23:40	      8	     33	     11	    395	     87	     
31/07/06-23:50	      8	     35	     11	    398	     91	     
01/08/06-00:00	      8	     34	     12	    394	     89	     
  
Nota:	Los datos, aqui publicados, no han sido sometidos al proceso de validacion.
	Las unidades estan expresadas en microgramos/metrocubico(ug/m3).
  
	
	
Provincia: CADIZ		Estacion: JEDULA
Municipio: ARCOS DE LA FRONTERA		Direccion: PAGO JEDULILLA
	
FECHA-HORA	    SO2	   PART	    NO2	     CO	       	       
 
31/07/06-00:10	      7	     40	     14	     	     	     
31/07/06-00:20	      5	     39	     16	     	     	     
31/07/06-00:30	      6	     40	     15	     	     	     
31/07/06-00:40	      4	     40	     17	     	     	     
31/07/06-00:50	      6	     38	     16	     	     	     
31/07/06-01:00	      5	     39	     13	     	     	     
31/07/06-01:10	      5	     41	     13	     	     	     
31/07/06-01:20	      4	     41	     18	     	     	     
31/07/06-01:30	      5	     41	     11	     	     	     
31/07/06-01:40	      5	     42	     10	     	     	     
31/07/06-01:50	      5	     41	     12	     	     	     
31/07/06-02:00	      6	     40	     12	     	     	     
31/07/06-02:10	      6	     43	     10	     	     	     
31/07/06-02:20	      5	     41	     11	     	     	     
31/07/06-02:30	      6	     43	     11	     	     	     
31/07/06-02:40	      4	     44	     11	     	     	     
31/07/06-02:50	      6	     43	      9	     	     	     
31/07/06-03:00	      6	     40	     11	     	     	     
31/07/06-03:10	      6	     30	     10	     	     	     
31/07/06-03:20	      6	     30	      9	     	     	     
31/07/06-03:30	      5	     33	      8	     	     	     
31/07/06-03:40	      5	     29	      7	     	     	     
31/07/06-03:50	      5	     31	      9	     	     	     
31/07/06-04:00	      6	     29	     10	     	     	     
31/07/06-04:10	      6	     24	      7	     	     	     
31/07/06-04:20	      5	     24	      7	     	     	     
31/07/06-04:30	      5	     23	      6	     	     	     
31/07/06-04:40	      5	     25	      7	     	     	     
31/07/06-04:50	      5	     23	      7	     	     	     
31/07/06-05:00	      6	     21	      7	     	     	     
31/07/06-05:10	      5	     22	      7	     	     	     
31/07/06-05:20	      6	     23	      8	     	     	     
31/07/06-05:30	      5	     22	      7	     	     	     
31/07/06-05:40	      5	     21	      8	     	     	     
31/07/06-05:50	      6	     22	      6	     	     	     
31/07/06-06:00	      6	     24	      8	     	     	     
31/07/06-06:10	      6	     38	      8	     	     	     
31/07/06-06:20	      5	     39	      7	     	     	     